9.650000000000000244e-02 2.069999999999999840e+00
1.466999999999999971e-01 2.080000000000000071e+00
2.707999999999999852e-01 2.089999999999999858e+00
3.575999999999999734e-01 2.109999999999999876e+00
4.388000000000000234e-01 2.129999999999999893e+00
4.914999999999999925e-01 2.149999999999999911e+00
5.334999999999999742e-01 2.149999999999999911e+00
5.638999999999999568e-01 2.169999999999999929e+00
5.867999999999999883e-01 2.180000000000000160e+00
6.039999999999999813e-01 2.189999999999999947e+00
6.210999999999999854e-01 2.209999999999999964e+00
6.318000000000000282e-01 2.220000000000000195e+00
6.413999999999999702e-01 2.220000000000000195e+00
6.498000000000000442e-01 2.229999999999999982e+00
6.579000000000000403e-01 2.250000000000000000e+00
6.646999999999999575e-01 2.259999999999999787e+00
6.741000000000000325e-01 2.259999999999999787e+00
6.791000000000000369e-01 2.270000000000000018e+00
6.885999999999999899e-01 2.290000000000000036e+00
6.964000000000000190e-01 2.299999999999999822e+00
7.026999999999999913e-01 2.319999999999999840e+00
7.106999999999999984e-01 2.330000000000000071e+00
7.187999999999999945e-01 2.339999999999999858e+00
7.269999999999999796e-01 2.359999999999999876e+00
7.341999999999999638e-01 2.379999999999999893e+00
7.433999999999999497e-01 2.410000000000000142e+00
7.510999999999999899e-01 2.430000000000000160e+00
7.603999999999999648e-01 2.470000000000000195e+00
7.680000000000000160e-01 2.500000000000000000e+00
7.766999999999999460e-01 2.540000000000000036e+00
7.841000000000000192e-01 2.580000000000000071e+00
7.932000000000000162e-01 2.620000000000000107e+00
8.014999999999999902e-01 2.669999999999999929e+00
8.086999999999999744e-01 2.720000000000000195e+00
8.175999999999999934e-01 2.779999999999999805e+00
8.266999999999999904e-01 2.839999999999999858e+00
8.345000000000000195e-01 2.899999999999999911e+00
8.427999999999999936e-01 2.979999999999999982e+00
8.506000000000000227e-01 3.060000000000000053e+00
8.587000000000000188e-01 3.160000000000000142e+00
8.628000000000000114e-01 3.250000000000000000e+00
8.630999999999999783e-01 3.359999999999999876e+00
8.678000000000000158e-01 4.509999999999999787e+00
8.712999999999999634e-01 5.719999999999999751e+00
8.790999999999999925e-01 6.080000000000000071e+00
8.827000000000000401e-01 6.549999999999999822e+00
8.859000000000000208e-01 7.200000000000000178e+00
8.870999999999999996e-01 7.700000000000000178e+00
8.914999999999999591e-01 8.050000000000000711e+00
8.942999999999999838e-01 8.330000000000000071e+00
8.987000000000000544e-01 8.570000000000000284e+00
9.000000000000000222e-01 9.119999999999999218e+00
