1.000999999999999945e-01 2.109999999999999876e+00
1.469000000000000028e-01 2.029999999999999805e+00
3.348999999999999755e-01 2.080000000000000071e+00
4.364000000000000101e-01 2.129999999999999893e+00
4.918000000000000149e-01 2.169999999999999929e+00
5.218000000000000416e-01 2.200000000000000178e+00
5.451000000000000290e-01 2.229999999999999982e+00
5.594000000000000083e-01 2.259999999999999787e+00
5.706999999999999851e-01 2.290000000000000036e+00
5.792000000000000481e-01 2.319999999999999840e+00
5.859999999999999654e-01 2.319999999999999840e+00
5.870999999999999552e-01 2.339999999999999858e+00
6.017000000000000126e-01 2.370000000000000107e+00
6.081999999999999629e-01 2.390000000000000124e+00
6.153999999999999471e-01 2.430000000000000160e+00
6.225000000000000533e-01 2.470000000000000195e+00
6.318000000000000282e-01 2.500000000000000000e+00
6.363999999999999657e-01 2.529999999999999805e+00
6.495999999999999552e-01 2.589999999999999858e+00
6.573999999999999844e-01 2.640000000000000124e+00
6.650000000000000355e-01 2.700000000000000178e+00
6.730000000000000426e-01 2.750000000000000000e+00
6.818999999999999506e-01 2.810000000000000053e+00
6.878999999999999559e-01 2.870000000000000107e+00
6.999999999999999556e-01 2.959999999999999964e+00
7.070999999999999508e-01 3.040000000000000036e+00
7.149999999999999689e-01 3.129999999999999893e+00
7.241999999999999549e-01 3.220000000000000195e+00
7.300999999999999712e-01 3.319999999999999840e+00
7.405000000000000471e-01 3.450000000000000178e+00
7.491999999999999771e-01 3.580000000000000071e+00
7.556000000000000494e-01 3.709999999999999964e+00
7.647000000000000464e-01 3.859999999999999876e+00
7.711999999999999966e-01 4.030000000000000249e+00
7.811000000000000165e-01 4.230000000000000426e+00
7.893999999999999906e-01 4.440000000000000391e+00
7.964999999999999858e-01 4.660000000000000142e+00
8.044999999999999929e-01 4.900000000000000355e+00
8.134000000000000119e-01 5.179999999999999716e+00
8.215999999999999970e-01 5.490000000000000213e+00
8.288999999999999702e-01 5.820000000000000284e+00
8.367999999999999883e-01 6.179999999999999716e+00
8.449999999999999734e-01 6.589999999999999858e+00
8.535000000000000364e-01 7.030000000000000249e+00
8.625000000000000444e-01 7.540000000000000036e+00
8.708000000000000185e-01 8.050000000000000711e+00
8.789000000000000146e-01 8.609999999999999432e+00
8.869000000000000217e-01 9.199999999999999289e+00
8.953999999999999737e-01 9.849999999999999645e+00
9.000000000000000222e-01 1.000999999999999979e+01
