1.035999999999999976e-01 2.259999999999999787e+00
1.643999999999999906e-01 2.149999999999999911e+00
2.974999999999999867e-01 2.180000000000000160e+00
3.846999999999999864e-01 2.200000000000000178e+00
4.424000000000000155e-01 2.220000000000000195e+00
4.818000000000000060e-01 2.229999999999999982e+00
5.103999999999999648e-01 2.240000000000000213e+00
5.332999999999999963e-01 2.250000000000000000e+00
5.462000000000000188e-01 2.250000000000000000e+00
5.631000000000000449e-01 2.250000000000000000e+00
5.744000000000000217e-01 2.259999999999999787e+00
5.833000000000000407e-01 2.270000000000000018e+00
5.896000000000000130e-01 2.290000000000000036e+00
5.958999999999999853e-01 2.310000000000000053e+00
5.989999999999999769e-01 2.310000000000000053e+00
6.156000000000000361e-01 2.319999999999999840e+00
6.210999999999999854e-01 2.339999999999999858e+00
6.286000000000000476e-01 2.359999999999999876e+00
6.354999999999999538e-01 2.379999999999999893e+00
6.448000000000000398e-01 2.399999999999999911e+00
6.516999999999999460e-01 2.430000000000000160e+00
6.627999999999999448e-01 2.450000000000000178e+00
6.704999999999999849e-01 2.479999999999999982e+00
6.786999999999999700e-01 2.509999999999999787e+00
6.867999999999999661e-01 2.560000000000000053e+00
6.955000000000000071e-01 2.589999999999999858e+00
7.016999999999999904e-01 2.629999999999999893e+00
7.116999999999999993e-01 2.680000000000000160e+00
7.200999999999999623e-01 2.740000000000000213e+00
7.270999999999999686e-01 2.790000000000000036e+00
7.350999999999999757e-01 2.859999999999999876e+00
7.429000000000000048e-01 2.919999999999999929e+00
7.524999999999999467e-01 3.009999999999999787e+00
7.597000000000000419e-01 3.109999999999999876e+00
7.670000000000000151e-01 3.220000000000000195e+00
7.751000000000000112e-01 3.339999999999999858e+00
7.846999999999999531e-01 3.490000000000000213e+00
7.935999999999999721e-01 3.649999999999999911e+00
8.015999999999999792e-01 3.830000000000000071e+00
8.094999999999999973e-01 4.019999999999999574e+00
8.187999999999999723e-01 4.250000000000000000e+00
8.257999999999999785e-01 4.490000000000000213e+00
8.333000000000000407e-01 4.740000000000000213e+00
8.408999999999999808e-01 5.049999999999999822e+00
8.494000000000000439e-01 5.410000000000000142e+00
8.556000000000000272e-01 5.820000000000000284e+00
8.643999999999999462e-01 6.290000000000000036e+00
8.750999999999999890e-01 6.839999999999999858e+00
8.820000000000000062e-01 7.379999999999999893e+00
8.894999999999999574e-01 7.980000000000000426e+00
8.977000000000000535e-01 8.630000000000000782e+00
